-0.955 0.243
-0.864997 0.240999
-0.774997 0.244999
-0.680998 0.249
-0.675997 0.499
-0.567999 0.511
-0.566997 0.249
-0.346998 0.742997
-0.333004 0.443
-0.217 -0.772999
-0.12 0.908995
-0.116 0.794997
-0.121 0.666998
-0.416998 0.0290002
-0.297 -0.285
-0.0929999 -0.109
-0.275003 0.187
0.0989981 0.768998
-0.083 -0.181
-0.0819999 -0.281
-0.0860001 -0.413
-0.106 0.235
-0.0969981 0.153
-0.103 0.0710001
-0.102004 -0.0110025
-0.116 0.531
-0.116001 0.447
-0.116 0.353
0.126 -0.279
0.100001 0.169
0.0390008 0.435
0.678999 -0.027
0.240995 0.127
0.320999 0.287
0.420999 0.289
0.506 0.297
0.602994 0.283
0.695 0.291
0.789998 0.285
0.886 0.283
0.955998 0.283
